[0.         0.00333333 0.01333333 0.01333333 0.01666667 0.01666667
 0.01666667 0.02       0.02333333 0.02333333 0.02333333 0.02666667
 0.02666667 0.03       0.03       0.03333333 0.03666667 0.03666667
 0.04       0.04       0.04333333 0.04333333 0.05       0.05
 0.05333333 0.05333333 0.05333333 0.06       0.06666667 0.07
 0.07       0.07333333 0.07333333 0.07333333 0.07333333 0.08333333
 0.08333333 0.08666667 0.08666667 0.09333333 0.09333333 0.1
 0.1        0.10333333 0.10333333 0.11666667 0.11666667 0.12
 0.12       0.12333333 0.12333333 0.12666667 0.12666667 0.13666667
 0.13666667 0.14666667 0.14666667 0.15       0.15       0.16666667
 0.16666667 0.16666667 0.16666667 0.17       0.17       0.17333333
 0.17333333 0.18666667 0.18666667 0.19666667 0.19666667 0.21
 0.21       0.22666667 0.22666667 0.23333333 0.23333333 0.23666667
 0.23666667 0.24       0.24       0.24333333 0.24333333 0.24666667
 0.24666667 0.25666667 0.25666667 0.26333333 0.26333333 0.27333333
 0.27333333 0.28       0.28       0.31666667 0.31666667 0.32
 0.32       0.32333333 0.32333333 0.33       0.33       0.33666667
 0.33666667 0.34       0.34       0.38333333 0.38333333 0.39666667
 0.39666667 0.4        0.4        0.41       0.41666667 0.44666667
 0.44666667 0.45333333 0.46666667 0.46666667 0.48666667 0.49333333
 0.49333333 0.58666667 0.58666667 0.59       0.59       0.6
 0.60666667 0.61       0.61333333 0.62       0.68333333 0.68333333
 0.69666667 0.7        0.71       0.71666667 0.74333333 0.75
 0.76       0.77333333 0.77666667 0.79       0.79666667 0.83666667
 0.84666667 0.86333333 0.93       1.        ]
[0.         0.40666667 0.47666667 0.49666667 0.53333333 0.55666667
 0.57333333 0.59       0.59666667 0.60666667 0.62666667 0.63
 0.64333333 0.65666667 0.66333333 0.66666667 0.66666667 0.68
 0.68       0.69       0.69333333 0.69666667 0.69666667 0.7
 0.7        0.70666667 0.71666667 0.71666667 0.72       0.72
 0.72333333 0.72333333 0.73       0.73333333 0.74       0.74
 0.74666667 0.74666667 0.75       0.75       0.76       0.76
 0.76333333 0.76333333 0.76666667 0.76666667 0.77       0.77
 0.77666667 0.77666667 0.79       0.79333333 0.81666667 0.81666667
 0.82       0.82       0.82333333 0.82333333 0.83       0.83
 0.83333333 0.84       0.84333333 0.84333333 0.85       0.85
 0.85333333 0.85333333 0.85666667 0.85666667 0.86       0.86
 0.86333333 0.86333333 0.87333333 0.87333333 0.88333333 0.88333333
 0.89333333 0.89333333 0.89666667 0.89666667 0.90333333 0.90333333
 0.91       0.91       0.91666667 0.91666667 0.92333333 0.92333333
 0.92666667 0.92666667 0.93       0.93       0.93333333 0.93333333
 0.93666667 0.93666667 0.94       0.94       0.94333333 0.94333333
 0.95       0.95       0.95333333 0.95333333 0.95666667 0.95666667
 0.96333333 0.96333333 0.96666667 0.96666667 0.96666667 0.96666667
 0.97       0.97       0.97       0.97333333 0.97333333 0.97333333
 0.97666667 0.97666667 0.98       0.98       0.98666667 0.98666667
 0.98666667 0.98666667 0.99       0.99       0.99       0.99333333
 0.99333333 0.99333333 0.99333333 0.99333333 0.99333333 0.99333333
 0.99333333 0.99333333 0.99666667 0.99666667 0.99666667 0.99666667
 0.99666667 1.         1.         1.        ]
