[0.         0.04666667 0.08       0.1        0.11       0.11333333
 0.12       0.13       0.13333333 0.13333333 0.14       0.14666667
 0.15       0.15       0.15333333 0.16       0.17       0.17333333
 0.17333333 0.17333333 0.17333333 0.18       0.18       0.18333333
 0.18333333 0.18666667 0.18666667 0.20666667 0.20666667 0.21333333
 0.21666667 0.21666667 0.23333333 0.23333333 0.24333333 0.24333333
 0.26       0.26       0.26666667 0.27       0.27       0.27333333
 0.27333333 0.27666667 0.27666667 0.29       0.29       0.29666667
 0.29666667 0.3        0.3        0.30666667 0.30666667 0.31
 0.31       0.31666667 0.31666667 0.32333333 0.32333333 0.34
 0.34       0.35       0.35       0.37666667 0.38       0.42333333
 0.42333333 0.44       0.44       0.44666667 0.44666667 0.45
 0.45       0.45333333 0.45333333 0.46       0.46       0.47333333
 0.47333333 0.47666667 0.47666667 0.49333333 0.49333333 0.5
 0.50666667 0.50666667 0.52       0.52333333 0.52333333 0.52666667
 0.52666667 0.53333333 0.53333333 0.54       0.54333333 0.55
 0.55333333 0.56333333 0.56666667 0.58666667 0.59       0.60333333
 0.62       0.62333333 0.64       0.67333333 0.80666667 1.        ]
[0.         0.45       0.52       0.55       0.56       0.57666667
 0.58666667 0.58666667 0.59333333 0.6        0.61333333 0.61333333
 0.61666667 0.62666667 0.62666667 0.63333333 0.63333333 0.63666667
 0.64333333 0.65333333 0.66       0.66       0.66333333 0.66333333
 0.66666667 0.67333333 0.67666667 0.67666667 0.68333333 0.68333333
 0.68333333 0.69666667 0.69666667 0.70666667 0.70666667 0.71666667
 0.71666667 0.72       0.72       0.72333333 0.73666667 0.73666667
 0.74       0.74       0.74333333 0.74333333 0.75333333 0.75333333
 0.75666667 0.75666667 0.76333333 0.76333333 0.77333333 0.77333333
 0.77666667 0.77666667 0.78333333 0.78333333 0.79       0.79
 0.79333333 0.79333333 0.80333333 0.80333333 0.80666667 0.80666667
 0.81       0.81       0.82       0.82       0.82333333 0.82333333
 0.82666667 0.82666667 0.83333333 0.83333333 0.84       0.84
 0.84333333 0.84333333 0.85       0.85       0.85333333 0.85333333
 0.85333333 0.86       0.86       0.86333333 0.86666667 0.86666667
 0.87       0.87       0.87666667 0.87666667 0.87666667 0.87666667
 0.87666667 0.87666667 0.88333333 0.88333333 0.88333333 0.89333333
 0.9        0.90666667 0.92333333 0.93333333 0.96666667 1.        ]
