[0.         0.10333333 0.11333333 0.12       0.12333333 0.12666667
 0.13333333 0.13666667 0.14       0.14       0.14       0.14
 0.14333333 0.14333333 0.14666667 0.14666667 0.15       0.15
 0.16       0.16       0.16333333 0.16333333 0.17333333 0.17333333
 0.20666667 0.20666667 0.21       0.21       0.21333333 0.21333333
 0.23       0.23       0.24       0.24       0.24333333 0.24333333
 0.25       0.25       0.25333333 0.25333333 0.25666667 0.25666667
 0.26666667 0.26666667 0.29       0.29       0.29333333 0.29666667
 0.29666667 0.3        0.3        0.31       0.31       0.31666667
 0.31666667 0.32666667 0.32666667 0.33       0.33       0.34333333
 0.34333333 0.35333333 0.36       0.36666667 0.36666667 0.37333333
 0.37333333 0.37666667 0.37666667 0.38       0.38       0.39
 0.39333333 0.39666667 0.39666667 0.4        0.4        0.40333333
 0.40666667 0.41666667 0.42333333 0.43       0.43333333 0.43666667
 0.44666667 0.45       0.46333333 0.48333333 0.50666667 0.54666667
 1.        ]
[0.         0.68       0.71       0.72666667 0.74       0.74333333
 0.74333333 0.75666667 0.75666667 0.76333333 0.77333333 0.78
 0.78333333 0.78666667 0.79       0.80333333 0.80333333 0.80666667
 0.80666667 0.81666667 0.81666667 0.82666667 0.82666667 0.83333333
 0.83333333 0.83666667 0.83666667 0.84       0.84       0.84666667
 0.84666667 0.85       0.85       0.86       0.86       0.86333333
 0.86333333 0.86666667 0.86666667 0.87       0.87       0.87333333
 0.87333333 0.87666667 0.87666667 0.88       0.88       0.88333333
 0.88666667 0.88666667 0.89333333 0.89333333 0.9        0.9
 0.90333333 0.90333333 0.91       0.91       0.91333333 0.91333333
 0.91666667 0.91666667 0.91666667 0.91666667 0.92       0.92
 0.92333333 0.92333333 0.93       0.93       0.93666667 0.93666667
 0.94       0.94       0.94333333 0.94333333 0.95       0.95333333
 0.95333333 0.95333333 0.95333333 0.95333333 0.95666667 0.95666667
 0.95666667 0.95666667 0.95666667 0.95666667 0.95666667 0.96
 1.        ]
