[0.         0.         0.         0.         0.         0.
 0.         0.         0.         0.         0.         0.
 0.         0.         0.         0.         0.         0.
 0.         0.00333333 0.00333333 0.00666667 0.00666667 0.01
 0.01       0.01333333 0.01333333 0.01666667 0.01666667 0.02
 0.02       0.02333333 0.02333333 0.02666667 0.02666667 0.03
 0.03       0.03333333 0.03333333 0.03666667 0.03666667 0.04
 0.04       0.04333333 0.04333333 0.04666667 0.04666667 0.05
 0.05       0.05666667 0.05666667 0.06       0.06       0.07
 0.07       0.07333333 0.07333333 0.08       0.08       0.08333333
 0.08333333 0.08666667 0.08666667 0.09       0.09       0.11333333
 0.11333333 0.14333333 0.14333333 0.15666667 0.15666667 0.16
 0.16       0.17333333 0.17333333 0.18       0.18       0.19
 0.19       0.23333333 0.23333333 0.23666667 0.23666667 0.24666667
 0.24666667 0.26666667 0.26666667 0.27       0.27       0.27333333
 0.27333333 0.28666667 0.28666667 0.29333333 0.29333333 0.3
 0.30333333 0.30333333 0.30666667 0.30666667 0.32       0.32
 0.33       0.33       0.34666667 0.35333333 0.35333333 0.36333333
 0.36333333 0.37666667 0.37666667 0.38666667 0.4        0.4
 0.41333333 0.41333333 0.43666667 0.43666667 0.45333333 0.45333333
 0.46       0.46333333 0.46333333 0.47       0.47       0.52666667
 0.52666667 0.53       0.53       0.55333333 0.55666667 0.56
 0.56       0.57       0.57       0.57333333 0.57333333 0.61
 0.62333333 0.62666667 0.62666667 0.63666667 0.64333333 0.65666667
 0.66333333 0.69666667 0.69666667 0.70666667 0.71333333 0.75666667
 0.76333333 0.76333333 0.79       0.79       0.84       0.84333333
 1.        ]
[0.         0.00333333 0.08333333 0.09       0.13666667 0.14333333
 0.18666667 0.19333333 0.20333333 0.21       0.23       0.23666667
 0.27666667 0.28333333 0.36333333 0.37       0.44666667 0.45333333
 0.5        0.5        0.53666667 0.53666667 0.58       0.58
 0.59       0.59       0.60333333 0.60333333 0.62666667 0.62666667
 0.63       0.63333333 0.64333333 0.64333333 0.66333333 0.66333333
 0.67       0.67       0.69       0.69       0.72666667 0.72666667
 0.73666667 0.73666667 0.74       0.74       0.76       0.76
 0.76666667 0.76666667 0.77       0.77       0.77333333 0.77333333
 0.78       0.78       0.78333333 0.78333333 0.79       0.79
 0.79666667 0.79666667 0.80333333 0.80333333 0.81       0.81
 0.82       0.82       0.82333333 0.82333333 0.83       0.83
 0.83333333 0.83333333 0.83666667 0.83666667 0.84666667 0.84666667
 0.86333333 0.86333333 0.87       0.87       0.87333333 0.87333333
 0.87666667 0.87666667 0.88       0.88       0.88666667 0.88666667
 0.89333333 0.89333333 0.89666667 0.89666667 0.90333333 0.90333333
 0.90333333 0.90666667 0.90666667 0.91       0.91       0.91333333
 0.91333333 0.91666667 0.91666667 0.91666667 0.92       0.92
 0.92333333 0.92333333 0.92666667 0.92666667 0.92666667 0.93
 0.93       0.93333333 0.93333333 0.94333333 0.94333333 0.94666667
 0.94666667 0.94666667 0.95333333 0.95333333 0.95666667 0.95666667
 0.96       0.96       0.96333333 0.96333333 0.96666667 0.96666667
 0.97       0.97       0.97333333 0.97333333 0.97666667 0.97666667
 0.97666667 0.97666667 0.98666667 0.98666667 0.98666667 0.98666667
 0.98666667 0.98666667 0.99       0.99       0.99       0.99
 0.99       0.99333333 0.99333333 0.99666667 0.99666667 1.
 1.        ]
