[0.         0.02333333 0.03666667 0.04666667 0.05333333 0.05666667
 0.05666667 0.06       0.06       0.06666667 0.06666667 0.07
 0.07       0.07       0.07666667 0.08       0.08       0.08333333
 0.09       0.09333333 0.09333333 0.09666667 0.09666667 0.10333333
 0.10333333 0.10666667 0.12       0.12       0.12666667 0.13
 0.13666667 0.13666667 0.14333333 0.14333333 0.15       0.15
 0.16       0.16       0.18666667 0.18666667 0.21       0.21
 0.22       0.22       0.24333333 0.24333333 0.25333333 0.25333333
 0.26       0.26       0.27333333 0.27333333 0.27666667 0.27666667
 0.28       0.28       0.29333333 0.29333333 0.31333333 0.31333333
 0.33333333 0.33333333 0.34333333 0.34333333 0.34666667 0.34666667
 0.35333333 0.35333333 0.36       0.36       0.36666667 0.36666667
 0.37       0.37       0.37333333 0.37333333 0.37666667 0.37666667
 0.4        0.4        0.41333333 0.41333333 0.42333333 0.43
 0.43666667 0.44       0.44666667 0.45333333 0.45333333 0.45666667
 0.47333333 0.48333333 0.49666667 0.53       0.57333333 0.66666667
 1.        ]
[0.         0.59666667 0.65333333 0.68       0.70333333 0.71333333
 0.73333333 0.73666667 0.74       0.74333333 0.74666667 0.74666667
 0.76       0.76666667 0.77       0.77333333 0.78333333 0.78333333
 0.78333333 0.79       0.79333333 0.79333333 0.79666667 0.79666667
 0.80666667 0.81       0.81       0.81666667 0.81666667 0.82
 0.82       0.83333333 0.83333333 0.83666667 0.83666667 0.84
 0.84       0.84666667 0.84666667 0.85333333 0.85333333 0.85666667
 0.85666667 0.86       0.86       0.86333333 0.86333333 0.87
 0.87       0.87333333 0.87333333 0.88       0.88       0.88333333
 0.88333333 0.89       0.89       0.89333333 0.89333333 0.89666667
 0.89666667 0.9        0.9        0.90666667 0.90666667 0.91
 0.91       0.91333333 0.91333333 0.91666667 0.91666667 0.92
 0.92       0.92333333 0.92333333 0.92666667 0.92666667 0.93
 0.93       0.93333333 0.93666667 0.94       0.94666667 0.94666667
 0.95333333 0.95333333 0.95333333 0.95333333 0.95666667 0.95666667
 0.96       0.96       0.96333333 0.96666667 0.98       0.98
 1.        ]
