[0.         0.01       0.04666667 0.05       0.05666667 0.05666667
 0.06       0.07333333 0.07333333 0.08333333 0.08666667 0.08666667
 0.08666667 0.09       0.09333333 0.09333333 0.09333333 0.1
 0.1        0.10333333 0.10666667 0.10666667 0.11333333 0.11333333
 0.11666667 0.11666667 0.11666667 0.11666667 0.12       0.12
 0.12       0.12666667 0.12666667 0.13666667 0.13666667 0.14
 0.14       0.14333333 0.14333333 0.15       0.15       0.16
 0.16       0.17333333 0.17333333 0.17666667 0.17666667 0.18666667
 0.18666667 0.19       0.19       0.19666667 0.19666667 0.20333333
 0.20333333 0.23       0.23       0.24       0.24       0.24333333
 0.24333333 0.24666667 0.24666667 0.26       0.26       0.27333333
 0.27333333 0.27666667 0.27666667 0.29333333 0.29333333 0.3
 0.3        0.30666667 0.30666667 0.31       0.31       0.32
 0.32333333 0.33333333 0.33333333 0.36666667 0.37333333 0.37666667
 0.37666667 0.38333333 0.38666667 0.39666667 0.41       0.41333333
 0.42       0.44333333 0.47333333 0.52333333 1.        ]
[0.         0.52333333 0.63333333 0.66333333 0.66666667 0.67333333
 0.68       0.69333333 0.69666667 0.70666667 0.70666667 0.72
 0.73       0.73333333 0.73333333 0.73666667 0.74333333 0.74333333
 0.74666667 0.75       0.75       0.75333333 0.75333333 0.75666667
 0.76       0.76333333 0.77       0.77333333 0.77333333 0.78
 0.79       0.79       0.79333333 0.79333333 0.80333333 0.80333333
 0.80666667 0.80666667 0.81       0.81       0.81333333 0.81333333
 0.82       0.82       0.82333333 0.82333333 0.82666667 0.82666667
 0.83       0.83       0.84       0.84       0.85       0.85
 0.85333333 0.85333333 0.86666667 0.86666667 0.87       0.87
 0.87333333 0.87333333 0.87666667 0.87666667 0.88       0.88
 0.88333333 0.88333333 0.88666667 0.88666667 0.89333333 0.89333333
 0.9        0.9        0.90333333 0.90333333 0.91       0.91
 0.91333333 0.91333333 0.91666667 0.91666667 0.91666667 0.92333333
 0.92666667 0.92666667 0.92666667 0.92666667 0.93       0.94
 0.94333333 0.94666667 0.95333333 0.97       1.        ]
